32044
22981
30062
6154
49333
40530
8508
23923
24354
42414
21178
5657
34474
54563
38917
18952
24050
36402
39387
35820
53364
6423
30391
34404
14457
24008
19137
44101
26998
9631
58559
27662
48980
27827
10856
36357
7013
37231
62099
5159
43788
38678
37301
59628
6161
56628
8037
26737
19567
36430
45593
48428
19501
3158
48117
44988
11538
64780
6008
55182
54974
33849
41131
41377
47937
12769
54832
55852
64006
12008
34916
59315
35274
2089
9023
45066
56322
58930
25761
54397
33126
5003
3020
6147
21975
64649
11001
750
40623
42626
41138
16856
58057
20798
61183
33576
31985
10389
12731
20054
30868
48605
38661
13239
64307
21832
9139
57832
46151
53966
7524
59569
48723
26844
33664
57085
20464
51579
6962
3140
12306
62560
47073
52259
18112
19100
19601
30378
57436
3783
39566
24504
26225
10091
55817
21915
56127
56557
53451
10641
19996
27880
30090
7581
39755
63163
29366
22790
966
18530
50433
43484
48474
1005
61401
11302
23372
3321
10171
57703
32755
1811
42698
43811
25215
18886
40682
29423
26053
12757
54503
61737
59276
18656
34053
31352
2038
51616
23153
27175
63506
32626
51940
11921
16962
38959
20119
6991
59504
28548
42182
1272
26644
40873
34357
16971
3127
15429
60596
6351
7984
20028
65366
21867
51659
47593
720
65224
53641
14705
39615
46415
7318
4716
40862
40409
25941
32159
44049
11977
60005
12487
57173
5491
3976
14912
45129
49670
51656
1143
51372
13381
41533
18438
59813
558
63628
22361
46287
34045
44480
12787
46916
50956
19122
24625
18788
32937
10287
44764
15866
55417
52081
29817
10444
2191
5372
21770
24372
45456
41772
15414
6143
58280
53939
1527
2529
30695
38496
37627
7360
40472
19157
40000
43199
51541
6913
53591
516
54100
15536
47705
53392
4355
37572
37455
50108
40385
16761
13476
22509
43722
45635
10422
40551
41217
62748
30178
45544
14891
32267
57444
57891
58957
58497
26932
48030
16458
36850
55221
13328
35954
32573
59669
11362
10955
34896
46546
40013
8032
20451
28421
32566
52096
42994
49817
39386
17774
11138
50139
31665
26414
37091
60739
31010
21154
56816
48354
31613
20465
5473
7933
21768
15548
5618
42568
10526
19961
52642
53033
32167
23755
63854
55160
48043
61350
58933
12033
31533
25983
55079
4714
41619
14409
14886
27312
34431
63380
57532
47877
11190
2815
21812
28228
7302
18421
46308
43031
60763
7543
27585
21749
17503
23942
50968
19335
42184
13473
44863
10655
15303
34462
24382
13246
51605
60283
42838
59269
32890
51381
233
29811
19693
19093
24818
47775
39012
14021
34645
22853
56159
1272
22017
22299
36316
19804
10281
57582
32502
17793
59795
57292
53314
44397
56487
58334
44720
38378
13714
15273
3260
53589
26078
30092
44946
36614
45149
60076
40425
41376
15858
1000
43756
45046
57827
25243
25796
8580
19878
62609
1172
61513
63770
48275
14364
50471
10922
983
19234
24420
37875
1127
39749
26138
63581
30131
37748
27030
29968
52009
6131
13476
49674
15639
12298
10677
13291
46686
27240
30402
19150
39529
31745
33839
11588
42439
43613
24585
56493
22007
57520
42723
6881
45502
48719
53166
38273
42933
21573
61243
49939
46212
45599
19583
3530
4509
20178
9797
8574
18699
64810
10378
64149
61049
39589
30940
17434
10773
24386
20649
39154
15094
29685
36881
55408
42160
48958
61013
18101
11079
8999
46179
3705
24941
24821
44111
43382
29615
39986
62599
1975
8153
56295
8476
10779
50880
46333
57010
33376
8215
30440
40037
22607
61486
13227
31171
53691
56987
61575
22168
65198
8046
19764
53685
32250
30313
18194
52355
19876
27031
11200
39210
5956
30302
50791
58032
34858
17961
48035
6155
57512
13922
31989
18103
2790
52937
19699
56706
63802
49541
15513
26338
23399
54777
36617
29134
37517
14948
30542
17087
10869
32107
2685
37551
38208
14180
39615
18831
55724
53376
34139
23420
52593
62620
2369
30117
8676
3061
44192
6155
23073
24945
29133
54822
60698
42988
62800
26634
41981
66
5101
49854
21454
60864
59043
50798
37134
18107
28608
1850
62248
57185
58905
32535
1086
44428
64899
28438
32313
31256
11653
39631
63671
59053
52040
15227
33336
60150
51788
20546
45707
49522
19140
14386
53910
8023
25707
5779
36656
7176
11361
22155
63290
14378
4877
36012
63922
57901
57337
61247
17487
51965
46007
1655
59312
33068
14057
3780
63591
34788
4190
46992
3458
27007
44642
31142
56043
53202
40924
8484
43298
11931
7204
26838
23054
754
54189
40717
23720
38334
54032
22526
5319
54026
46303
44644
4744
27854
55348
41552
4729
45584
2450
52749
20182
21154
27711
5220
42847
35176
23441
43007
41525
45630
136
3083
10716
17011
65472
34895
11342
4824
43540
14653
10802
19824
44413
1333
15580
34491
18491
38266
54118
16340
19500
8601
11190
29526
57313
45393
31026
55186
23686
8673
29035
9479
8044
2523
7259
11523
51815
49419
58177
41339
39634
45655
56269
41311
825
29251
46789
62383
4742
16462
56904
9213
58413
57752
39472
48360
780
37589
15755
48322
29406
62565
49226
11822
52860
49108
57669
59011
23078
8353
14243
44581
3145
11384
1336
10295
54312
4139
17970
22351
61183
38954
23379
34875
478
11190
52163
11016
15075
43961
22449
59665
44977
55045
57023
19928
64413
28811
14792
6992
11758
56955
61496
57823
593
60926
54066
29880
13078
54343
50498
7288
14558
3421
57809
2199
46428
57771
31997
1119
539
53001
4169
12788
18389
57118
44017
56817
12881
52662
21767
64568
53034
23628
20095
43860
42564
1757
30033
6967
20692
40758
62875
20117
8846
57806
59161
36830
14113
34808
6678
52252
61472
30969
10634
51948
41894
46322
62495
58359
40488
15187
61837
7016
20679
14678
36301
47326
27818
5633
13502
31438
4733
46685
2249
33774
9882
30876
12941
21788
15759
44462
14468
25738
40256
45252
6270
48954
7123
29097
50039
13265
35364
19401
50127
43619
6972
11944
63331
58268
22498
26540
28656
1935
38085
9832
23958
22781
13721
7870
54928
31238
57207
23852
58781
58017
58326
33679
25398
11405
58149
42580
11763
25502
56616
62729
41375
39151
34199
13412
2959
2947
55244
60640
64354
38327
7230
36556
62049
64699
8467
52392
11907
51824
33701
5605
18987
37527
65137
38988
41990
48827
40267
3052
3121
4232
4959
65202
62122
5386
48007
28668
16319
25710
50804
35767
